<<<<<<< HEAD
{"policy": [0, 0, 0, 0, 1, 0, 0, 0, 1, 1, 0, 3, 1, 1, 2, 2], "utility": [[-2.23606797749979, -1.4142135623730951, -1.0, -1.4142135623730951, -1.4142135623730951, -1.0, 0.0, -1.0, -1.0, 0.0, -1.0, 0.0, -1.4142135623730951, -1.0, 0.0, -1.0], [-16.38434409314235, -15.562489678015655, -15.14827611564256, -15.562489678015655, -15.562489678015655, -15.14827611564256, -14.14827611564256, -15.14827611564256, -15.14827611564256, -14.14827611564256, -15.14827611564256, -14.14827611564256, -15.562489678015655, -15.14827611564256, -14.14827611564256, -15.14827611564256]], "iter": 2}
=======
{"policy": [0, 0, 0, 0, 1, 0, 0, 0, 1, 1, 0, 3, 1, 1, 2, 2], "utility": [[-2.2361, -1.4142, -1.0, -1.4142, -1.4142, -1.0, 100.0, -1.0, -1.0, 100.0, -1.0, 100.0, -1.4142, -1.0, 100.0, -1.0], [363.61564500000003, 364.43754500000006, 364.85174500000005, 364.43754500000006, 364.43754500000006, 364.85174500000005, 465.85174500000005, 364.85174500000005, 364.85174500000005, 465.85174500000005, 364.85174500000005, 465.85174500000005, 364.43754500000006, 364.85174500000005, 465.85174500000005, 364.85174500000005]], "iter": 2}
>>>>>>> cc013da173b4b53ada824ecf593566bc820417c8
